Department,Level,Home Fee_2024,Overseas Fee_2024,Home Fee_2023,Overseas Fee_2023,Home Fee_2022,Overseas Fee_2022,Home Fee_2021,Overseas Fee_2021,Home Fee_2020,Overseas Fee_2020,Home Fee_2019,Overseas Fee_2019,Home Fee_2018,Overseas Fee_2018
Department not found,Postgraduate,26493.71,30643.43,24956.53,28816.8,23257.56,26662.93,22518.67,25754.52,21482.42,24662.64,20178.65,23178.2,23357131.02,22347.77
Department not found,Undergraduate,9250.0,26940.0,9250.0,25188.0,9250.0,23330.0,9250.0,22430.0,9250.0,21570.0,9250.0,19920.0,9250.0,19152.0
Department of Accounting,Postgraduate,35472.0,36168.0,33480.0,34128.0,31584.0,32208.0,30360.0,30960.0,29184.0,29760.0,28056.0,28608.0,26976.0,27504.0
Department of Accounting,Undergraduate,9250.0,27192.0,9250.0,25656.0,9250.0,23330.0,9250.0,23330.0,9250.0,23330.0,9250.0,23330.0,9250.0,23330.0
Department of Anthropology,Undergraduate,9250.0,26184.0,9250.0,24720.0,9250.0,23330.0,9250.0,23330.0,9250.0,23330.0,9250.0,23330.0,9250.0,23330.0
Department of Economic History,Postgraduate,22452.0,28476.0,16440.0,25920.0,15816.0,24456.0,15216.0,23520.0,14640.0,22608.0,14088.0,21744.0,13536.0,20904.0
Department of Economic History,Undergraduate,9250.0,26848.0,9250.0,25344.0,9250.0,23330.0,9250.0,23330.0,9250.0,23330.0,9250.0,23330.0,9250.0,23330.0
Department of Economics,Postgraduate,33144.0,33376.0,29700.0,30024.0,28020.0,28332.0,28080.0,28480.0,26992.0,27376.0,25952.0,26320.0,24952.0,25304.0
Department of Economics,Undergraduate,9250.0,28176.0,9250.0,26592.0,9250.0,23330.0,9250.0,23330.0,9250.0,23330.0,9250.0,23330.0,9250.0,23330.0
Department of Finance,Postgraduate,40200.0,40548.0,37932.0,38256.0,35784.0,36096.0,34404.0,34704.0,33084.0,33372.0,31812.0,32088.0,30588.0,30852.0
Department of Finance,Undergraduate,9250.0,28176.0,9250.0,26592.0,9250.0,23330.0,9250.0,23330.0,9250.0,23330.0,9250.0,23330.0,9250.0,23330.0
Department of Gender Studies,Postgraduate,17424.0,27480.0,16440.0,25920.0,15816.0,24456.0,15216.0,23520.0,14640.0,22608.0,14088.0,21744.0,13536.0,20904.0
Department of Geography and Environment,Postgraduate,21165.33,29762.67,19973.33,27173.33,19098.67,25634.67,18133.33,24461.33,16794.0,23631.0,15483.0,22140.0,169215570.0,21123.43
Department of Geography and Environment,Undergraduate,9250.0,26688.0,9250.0,25188.0,9250.0,23330.0,9250.0,23330.0,9250.0,23330.0,9250.0,23330.0,9250.0,23330.0
Department of Government,Postgraduate,27480.0,27480.0,25920.0,25920.0,24456.0,24456.0,15216.0,23520.0,14640.0,22608.0,14088.0,21744.0,9250.0,23330.0
Department of Government,Undergraduate,9250.0,26940.0,9250.0,25422.0,9250.0,23330.0,9250.0,23330.0,9250.0,23330.0,9250.0,23330.0,9250.0,23330.0
Department of Health Policy,Postgraduate,24664.0,29476.0,22836.0,27372.0,21744.0,25848.0,20928.0,24876.0,9250.0,23330.0,9250.0,23330.0,9250.0,23330.0
Department of International Development,Postgraduate,17424.0,27480.0,16440.0,25920.0,20136.0,24456.0,19368.0,23520.0,18624.0,22608.0,17916.0,21744.0,17220.0,20904.0
Department of International History,Postgraduate,17424.0,27480.0,16440.0,25920.0,15816.0,24456.0,15216.0,23520.0,14640.0,22608.0,14088.0,21744.0,13536.0,20904.0
Department of International History,Undergraduate,9250.0,26184.0,9250.0,24720.0,9250.0,23330.0,9250.0,23330.0,9250.0,23330.0,9250.0,23330.0,9250.0,23330.0
Department of International Relations,Undergraduate,9250.0,27192.0,9250.0,25656.0,9250.0,23330.0,9250.0,23330.0,9250.0,23330.0,9250.0,23330.0,9250.0,23330.0
Department of Management,Postgraduate,35472.0,36168.0,33480.0,34128.0,30246.0,30714.0,29076.0,29526.0,28500.0,28960.8,27412.4,27852.0,26068.8,26491.2
Department of Management,Undergraduate,9250.0,27192.0,9250.0,25656.0,9250.0,23330.0,9250.0,23330.0,9250.0,23330.0,9250.0,23330.0,9250.0,23330.0
Department of Mathematics,Postgraduate,26448.0,31824.0,24960.0,30024.0,23700.0,28332.0,22788.0,27240.0,21912.0,26184.0,21072.0,25176.0,20256.0,24204.0
Department of Mathematics,Undergraduate,9250.0,27192.0,9250.0,25656.0,9250.0,23330.0,9250.0,23330.0,9250.0,23330.0,9250.0,23330.0,9250.0,23330.0
Department of Media and Communications,Postgraduate,27480.0,27480.0,25920.0,25920.0,24456.0,24456.0,23520.0,23520.0,22608.0,22608.0,21744.0,21744.0,20904.0,20904.0
Department of Methodology,Postgraduate,35472.0,36168.0,33480.0,34128.0,31584.0,32208.0,30360.0,30960.0,29184.0,29760.0,28056.0,28608.0,26976.0,27504.0
Department of Philosophy Logic and Scientific Method,Postgraduate,22452.0,27480.0,25920.0,25920.0,24456.0,24456.0,23520.0,23520.0,22608.0,22608.0,21744.0,21744.0,20904.0,20904.0
"Department of Philosophy, Logic and Scientific Method",Undergraduate,9250.0,27520.0,9250.0,25968.0,9250.0,23330.0,9250.0,23330.0,9250.0,23330.0,9250.0,23330.0,9250.0,23330.0
Department of Psychological and Behavioural Science,Postgraduate,21931.2,27480.0,20692.8,25920.0,19713.6,24456.0,18960.0,23520.0,18230.4,22608.0,17534.4,21744.0,13536.0,20904.0
Department of Psychological and Behavioural Science,Undergraduate,9250.0,26184.0,9250.0,24720.0,9250.0,23330.0,9250.0,23330.0,9250.0,23330.0,9250.0,23330.0,9250.0,23330.0
Department of Social Policy,Undergraduate,9250.0,26184.0,9250.0,23330.0,9250.0,23330.0,9250.0,23330.0,9250.0,23330.0,9250.0,23330.0,9250.0,23330.0
Department of Sociology,Postgraduate,18620.0,28720.0,17208.0,27076.0,18608.0,25836.0,18667.2,25348.8,17952.0,24369.6,17265.6,23433.6,17358.0,22938.0
Department of Sociology,Undergraduate,9250.0,26184.0,9250.0,24720.0,9250.0,23330.0,9250.0,23330.0,9250.0,23330.0,9250.0,23330.0,9250.0,23330.0
Department of Statistics,Postgraduate,35472.0,37080.0,33480.0,34128.0,31584.0,32208.0,30360.0,30960.0,29184.0,29760.0,28056.0,28608.0,26976.0,27504.0
Department of Statistics,Undergraduate,9250.0,27192.0,9250.0,25656.0,9250.0,23330.0,9250.0,23330.0,9250.0,23330.0,9250.0,23330.0,9250.0,23330.0
European Institute,Postgraduate,27480.0,27480.0,25920.0,25920.0,24456.0,24456.0,23520.0,23520.0,22608.0,22608.0,21744.0,21744.0,20904.0,20904.0
Language Centre,Undergraduate,9250.0,26184.0,9250.0,24720.0,9250.0,23330.0,9250.0,23330.0,9250.0,23330.0,9250.0,23330.0,9250.0,23330.0
Department of Social Policy,Postgraduate,9250.0,23330.0,9250.0,23330.0,9250.0,23330.0,15216.0,23520.0,14640.0,22608.0,14088.0,21744.0,10728.0,20904.0
